TimeStamp	POS_X	POS_Y	POS_Z	Q_W	Q_X	Q_Y	Q_Z	ImageFile
0	-3.4652647972106934	-17.060224533081055	-10.982550621032715	0.7734558115176434	0.16060811627146543	-0.21654760986697807	0.573653443533824	C:\Users\laurel\dev\ff\scripts\data\3d_reconstruction\tmp\pose_00.png
1	-0.910601019859314	-18.296228408813477	-17.41322898864746	0.6865304386819081	0.26877591038435283	-0.30647114488489263	0.6020887842446762	C:\Users\laurel\dev\ff\scripts\data\3d_reconstruction\tmp\pose_01.png
2	-9.073368072509766	-21.00255584716797	-21.75609016418457	0.7943364578830959	0.19864043582569493	-0.342450757331388	0.4607592079773048	C:\Users\laurel\dev\ff\scripts\data\3d_reconstruction\tmp\pose_02.png
3	-12.37055492401123	-21.963930130004883	-22.55129051208496	0.8291140515965421	0.16758566884705126	-0.33437172670659737	0.41554841044275664	C:\Users\laurel\dev\ff\scripts\data\3d_reconstruction\tmp\pose_03.png
4	-9.05296516418457	-11.908796310424805	-14.99487018585205	0.8785690600262303	0.11684716694779594	-0.3717708018929489	0.2761333322885413	C:\Users\laurel\dev\ff\scripts\data\3d_reconstruction\tmp\pose_04.png
5	-11.184903144836426	0.17051127552986145	-23.287445068359375	0.8488909239685914	-0.11255611675618392	-0.47580376401491686	-0.20081359001262009	C:\Users\laurel\dev\ff\scripts\data\3d_reconstruction\tmp\pose_05.png
6	-1.4273978471755981	1.2779422998428345	-24.123525619506836	0.6345149886707458	-0.3642668409292253	-0.4567231255594173	-0.5060675689380248	C:\Users\laurel\dev\ff\scripts\data\3d_reconstruction\tmp\pose_06.png
7	-0.9933475255966187	0.8562566041946411	-19.799043655395508	0.6202070294267624	-0.37266354785109934	-0.42483974109773065	-0.5440370530916765	C:\Users\laurel\dev\ff\scripts\data\3d_reconstruction\tmp\pose_07.png
8	-1.0507445335388184	0.8740684986114502	-19.79334831237793	0.5403006255118243	-0.43403618161238483	-0.3846214506706467	-0.6097164642740751	C:\Users\laurel\dev\ff\scripts\data\3d_reconstruction\tmp\pose_08.png
9	-0.14772172272205353	-9.046545028686523	-22.885433197021484	0.5670694027893717	0.43252433449063277	-0.4812028014006051	0.5097046756875498	C:\Users\laurel\dev\ff\scripts\data\3d_reconstruction\tmp\pose_09.png
10	12.770855903625488	-15.990219116210938	-23.01924705505371	0.31393087988836915	0.3945017116342971	-0.14548521440091886	0.8512636809830681	C:\Users\laurel\dev\ff\scripts\data\3d_reconstruction\tmp\pose_10.png
11	6.527658939361572	-10.110737800598145	-9.312987327575684	0.28520746013561493	0.30460662041811115	-0.09613639314210072	0.9036754425091323	C:\Users\laurel\dev\ff\scripts\data\3d_reconstruction\tmp\pose_11.png
12	11.98160457611084	-11.864181518554688	-8.745850563049316	0.24082635154457502	0.19032707922913622	-0.04822272505898653	0.9505013624933529	C:\Users\laurel\dev\ff\scripts\data\3d_reconstruction\tmp\pose_12.png
13	13.337553024291992	-12.335424423217773	-9.157590866088867	0.21202283387390156	0.19284001615689456	-0.042719264243984055	0.9570967090880322	C:\Users\laurel\dev\ff\scripts\data\3d_reconstruction\tmp\pose_13.png
14	19.70123863220215	-0.42349910736083984	-9.073713302612305	0.1194403135560999	-0.1297141009795312	-0.01574171508231225	-0.9842054978056969	C:\Users\laurel\dev\ff\scripts\data\3d_reconstruction\tmp\pose_14.png
15	20.287099838256836	0.7384985089302063	-9.398218154907227	0.1954239365987941	-0.16936681710406598	-0.03428546772238144	-0.9653749908565717	C:\Users\laurel\dev\ff\scripts\data\3d_reconstruction\tmp\pose_15.png
16	18.153148651123047	6.894128799438477	-18.94257926940918	0.2797998197747577	-0.290843287718429	-0.08937041742424306	-0.910568597818179	C:\Users\laurel\dev\ff\scripts\data\3d_reconstruction\tmp\pose_16.png
17	15.682900428771973	11.496331214904785	-21.63876724243164	0.37479732915162883	-0.3077682663602699	-0.13346333747675712	-0.864287680018618	C:\Users\laurel\dev\ff\scripts\data\3d_reconstruction\tmp\pose_17.png
18	24.604156494140625	9.375974655151367	-17.70832633972168	0.26627157364473947	-0.22120486537485293	-0.06292392611352085	-0.9360600601060316	C:\Users\laurel\dev\ff\scripts\data\3d_reconstruction\tmp\pose_18.png
19	20.9594669342041	17.44280433654785	-7.5878520011901855	0.3972399730768573	-0.0647003016214921	-0.02808911351190474	-0.9150001510721738	C:\Users\laurel\dev\ff\scripts\data\3d_reconstruction\tmp\pose_19.png
20	9.27126693725586	14.149593353271484	-8.055464744567871	0.5330079809702303	-0.08938387139347605	-0.05675357149456536	-0.8394593783378468	C:\Users\laurel\dev\ff\scripts\data\3d_reconstruction\tmp\pose_20.png
21	6.439708232879639	28.556060791015625	-7.639753818511963	0.6396117635559813	-0.04404878840033899	-0.036754240387812734	-0.7665543829206017	C:\Users\laurel\dev\ff\scripts\data\3d_reconstruction\tmp\pose_21.png
22	-2.0343263149261475	19.44740867614746	-12.774806022644043	0.7232358821729007	-0.12430400924182931	-0.1350341413508062	-0.6657658392360213	C:\Users\laurel\dev\ff\scripts\data\3d_reconstruction\tmp\pose_22.png
23	1.4206604957580566	18.61536979675293	-23.70600700378418	0.6435051869509539	-0.2512777784136516	-0.2366834794688755	-0.6831848088103424	C:\Users\laurel\dev\ff\scripts\data\3d_reconstruction\tmp\pose_23.png
24	1.4672597646713257	18.6230411529541	-23.762863159179688	0.6532855587097722	-0.2605883671738967	-0.25683486701923236	-0.6628329599213638	C:\Users\laurel\dev\ff\scripts\data\3d_reconstruction\tmp\pose_24.png
25	-1.2581439018249512	11.067874908447266	-21.348947525024414	0.667867008658007	-0.2723633804698012	-0.28896269250708023	-0.6295017156960946	C:\Users\laurel\dev\ff\scripts\data\3d_reconstruction\tmp\pose_25.png
26	-0.21906767785549164	12.52370548248291	-9.569486618041992	0.7013894452790153	-0.12231214374730764	-0.12412455092338207	-0.6911480893420758	C:\Users\laurel\dev\ff\scripts\data\3d_reconstruction\tmp\pose_26.png
27	-9.944085121154785	13.662151336669922	-12.471783638000488	0.8323065583337429	-0.1089164316649909	-0.17632683189387502	-0.5141126843623628	C:\Users\laurel\dev\ff\scripts\data\3d_reconstruction\tmp\pose_27.png
28	-14.855299949645996	10.886558532714844	-7.97314977645874	0.9066215954153467	-0.042572122067798375	-0.09435726851050831	-0.40904963394240035	C:\Users\laurel\dev\ff\scripts\data\3d_reconstruction\tmp\pose_28.png
29	-11.924577713012695	8.862419128417969	-10.69367790222168	0.8818690192433517	-0.08144499753416994	-0.16552872358693235	-0.4339055046241162	C:\Users\laurel\dev\ff\scripts\data\3d_reconstruction\tmp\pose_29.png
30	-15.46932315826416	-4.645112991333008	-11.888529777526855	0.9670705530441247	-0.007896805926164359	-0.25258275397501245	-0.030234719867953067	C:\Users\laurel\dev\ff\scripts\data\3d_reconstruction\tmp\pose_30.png
31	-13.484810829162598	-9.533069610595703	-12.211565971374512	0.9507880744675544	0.03650821053536272	-0.2819865815102605	0.12309653066574655	C:\Users\laurel\dev\ff\scripts\data\3d_reconstruction\tmp\pose_31.png
32	-11.494973182678223	-14.83613109588623	-9.573077201843262	0.9308843996117535	0.059986467369428365	-0.17832475700729036	0.31313916926870167	C:\Users\laurel\dev\ff\scripts\data\3d_reconstruction\tmp\pose_32.png
