TimeStamp	POS_X	POS_Y	POS_Z	Q_W	Q_X	Q_Y	Q_Z	ImageFile
0	-21.008000000000003	57.80349	-4.09188	-0.4928982698380015	2.9593949344650563e-08	-7.090105182176726e-09	0.8700871290428317	C:\Users\laurel\dev\ff\scripts\data\report\airsim\Building_07_A_airsim\optimized_2D_ComputerVision\pose_00.png
1	-25.961200000000005	64.95139999999999	-8.66138	-0.634296703227927	0.013490600323631564	0.011071536700470746	0.7728929185379076	C:\Users\laurel\dev\ff\scripts\data\report\airsim\Building_07_A_airsim\optimized_2D_ComputerVision\pose_01.png
2	-50.372400000000006	43.420109999999994	-19.5111	0.7594475437257939	-0.1939408007703152	-0.26149877973358054	-0.563244811403208	C:\Users\laurel\dev\ff\scripts\data\report\airsim\Building_07_A_airsim\optimized_2D_ComputerVision\pose_02.png
3	-54.712900000000005	62.169599999999996	-21.1449	0.8293311852221604	-0.10208247734592016	-0.16120574198822152	-0.5251682354238554	C:\Users\laurel\dev\ff\scripts\data\report\airsim\Building_07_A_airsim\optimized_2D_ComputerVision\pose_03.png
4	-56.8263	54.26266	-20.2212	0.7966299761472491	-0.129528795447275	-0.18391679165121605	-0.5610502674107375	C:\Users\laurel\dev\ff\scripts\data\report\airsim\Building_07_A_airsim\optimized_2D_ComputerVision\pose_04.png
5	-45.779300000000006	59.283699999999996	-17.238599999999998	-0.7002253430814822	0.09841004280787523	0.0984100563884356	0.7002253533151738	C:\Users\laurel\dev\ff\scripts\data\report\airsim\Building_07_A_airsim\optimized_2D_ComputerVision\pose_05.png
6	-57.64020000000001	52.11309	-7.933960000000001	0.8575978819986512	-0.008972331155469783	-0.014969658410150766	-0.5140243070833854	C:\Users\laurel\dev\ff\scripts\data\report\airsim\Building_07_A_airsim\optimized_2D_ComputerVision\pose_06.png
7	-91.7731	16.6603	-20.9336	0.9854123937716961	-0.012788406282629686	-0.08621230891349979	-0.14617232327182003	C:\Users\laurel\dev\ff\scripts\data\report\airsim\Building_07_A_airsim\optimized_2D_ComputerVision\pose_07.png
8	-66.23536	10.1862	-6.95678	0.9757020559066076	2.009315526988625e-09	-3.1161075424240665e-08	-0.21910124102720202	C:\Users\laurel\dev\ff\scripts\data\report\airsim\Building_07_A_airsim\optimized_2D_ComputerVision\pose_08.png
9	-41.341800000000006	24.405199999999997	-40.721399999999996	-0.6408562919072313	0.2988364935592677	0.29883651933117694	0.6408562378575011	C:\Users\laurel\dev\ff\scripts\data\report\airsim\Building_07_A_airsim\optimized_2D_ComputerVision\pose_09.png
10	-39.80100000000001	22.635799999999996	-40.3517	-0.6408562919072313	0.2988364935592677	0.29883651933117694	0.6408562378575011	C:\Users\laurel\dev\ff\scripts\data\report\airsim\Building_07_A_airsim\optimized_2D_ComputerVision\pose_10.png
11	-32.847100000000005	18.876299999999997	-37.702	-0.6184494794142801	0.3428122425036692	0.34281221597946726	0.6184494098019173	C:\Users\laurel\dev\ff\scripts\data\report\airsim\Building_07_A_airsim\optimized_2D_ComputerVision\pose_11.png
12	-31.252000000000002	22.449499999999997	-37.4569	-0.5919753391698506	0.320010441660441	0.27604276525409044	0.686264144805294	C:\Users\laurel\dev\ff\scripts\data\report\airsim\Building_07_A_airsim\optimized_2D_ComputerVision\pose_12.png
13	-33.6694	18.248499999999996	-36.122	-0.6184494794142801	0.3428122425036692	0.34281221597946726	0.6184494098019173	C:\Users\laurel\dev\ff\scripts\data\report\airsim\Building_07_A_airsim\optimized_2D_ComputerVision\pose_13.png
14	-27.013300000000008	22.1363	-39.107	-0.5919753391698506	0.320010441660441	0.27604276525409044	0.686264144805294	C:\Users\laurel\dev\ff\scripts\data\report\airsim\Building_07_A_airsim\optimized_2D_ComputerVision\pose_14.png
15	-33.33780000000001	11.491499999999995	-42.8317	-0.019072092780180603	0.6291308198311927	0.015444291651110074	0.7769118522910557	C:\Users\laurel\dev\ff\scripts\data\report\airsim\Building_07_A_airsim\optimized_2D_ComputerVision\pose_15.png
16	-34.40880000000001	13.480999999999995	-50.1701	-0.5647205381245474	0.42554760543212766	0.4255476031384682	0.5647205378021949	C:\Users\laurel\dev\ff\scripts\data\report\airsim\Building_07_A_airsim\optimized_2D_ComputerVision\pose_16.png
17	-46.178700000000006	21.4107	-47.0484	-0.6184494794142801	0.3428122425036692	0.34281221597946726	0.6184494098019173	C:\Users\laurel\dev\ff\scripts\data\report\airsim\Building_07_A_airsim\optimized_2D_ComputerVision\pose_17.png
18	-41.785500000000006	20.391499999999997	-43.4201	-0.6184494794142801	0.3428122425036692	0.34281221597946726	0.6184494098019173	C:\Users\laurel\dev\ff\scripts\data\report\airsim\Building_07_A_airsim\optimized_2D_ComputerVision\pose_18.png
19	-51.5549	18.720299999999998	-37.8347	-0.49301632347207014	0.48647123850290835	0.3992365046527216	0.6007419433850266	C:\Users\laurel\dev\ff\scripts\data\report\airsim\Building_07_A_airsim\optimized_2D_ComputerVision\pose_19.png
20	-53.037600000000005	11.200799999999994	-37.5503	0.7311458827221874	0.2636016910066832	-0.4931641426413474	0.3908056522657918	C:\Users\laurel\dev\ff\scripts\data\report\airsim\Building_07_A_airsim\optimized_2D_ComputerVision\pose_20.png
21	-77.42959	8.085499999999996	-5.5641	0.9996987047387486	-3.139716617905332e-09	-2.19200635792012e-08	-0.024541296800684256	C:\Users\laurel\dev\ff\scripts\data\report\airsim\Building_07_A_airsim\optimized_2D_ComputerVision\pose_21.png
22	-41.73930000000001	9.9758	-46.774899999999995	-0.5647205381245474	0.42554760543212766	0.4255476031384682	0.5647205378021949	C:\Users\laurel\dev\ff\scripts\data\report\airsim\Building_07_A_airsim\optimized_2D_ComputerVision\pose_22.png
23	-43.65840000000001	11.594999999999999	-45.4307	-0.39953280413667175	0.5397862190328981	0.32353507120062147	0.6665804635818889	C:\Users\laurel\dev\ff\scripts\data\report\airsim\Building_07_A_airsim\optimized_2D_ComputerVision\pose_23.png
24	-40.51240000000001	22.973899999999997	-42.7629	-0.6184494794142801	0.3428122425036692	0.34281221597946726	0.6184494098019173	C:\Users\laurel\dev\ff\scripts\data\report\airsim\Building_07_A_airsim\optimized_2D_ComputerVision\pose_24.png
25	-34.30160000000001	11.3857	-40.5558	0.5216472801360117	0.45569961624466865	-0.39308959720540265	0.6047337559878623	C:\Users\laurel\dev\ff\scripts\data\report\airsim\Building_07_A_airsim\optimized_2D_ComputerVision\pose_25.png
26	-24.65800000000001	2.7309999999999945	-51.3595	-0.5647205381245474	0.42554760543212766	0.4255476031384682	0.5647205378021949	C:\Users\laurel\dev\ff\scripts\data\report\airsim\Building_07_A_airsim\optimized_2D_ComputerVision\pose_26.png
27	-10.872800000000005	12.5002	-6.70913	-0.31368161861988253	4.460796752709452e-08	-1.2592262500602112e-08	0.949528287174458	C:\Users\laurel\dev\ff\scripts\data\report\airsim\Building_07_A_airsim\optimized_2D_ComputerVision\pose_27.png
28	-20.230600000000003	-2.1810000000000045	-3.95147	0.0735648285652454	2.8388397674369562e-08	-3.4055218249153623e-09	0.9972905857514378	C:\Users\laurel\dev\ff\scripts\data\report\airsim\Building_07_A_airsim\optimized_2D_ComputerVision\pose_28.png
29	-20.230600000000003	-2.1810000000000045	-48.568999999999996	1.0	0.0	0.0	0.0	C:\Users\laurel\dev\ff\scripts\data\report\airsim\Building_07_A_airsim\optimized_2D_ComputerVision\pose_29.png
30	-46.1037	10.161899999999996	-48.568999999999996	-0.5647205381245474	0.42554760543212766	0.4255476031384682	0.5647205378021949	C:\Users\laurel\dev\ff\scripts\data\report\airsim\Building_07_A_airsim\optimized_2D_ComputerVision\pose_30.png
31	-45.71510000000001	20.31	-37.600899999999996	-0.6184494794142801	0.3428122425036692	0.34281221597946726	0.6184494098019173	C:\Users\laurel\dev\ff\scripts\data\report\airsim\Building_07_A_airsim\optimized_2D_ComputerVision\pose_31.png
32	-55.69080000000001	23.728799999999996	-38.7985	0.6047336726778094	-0.39308952480914044	-0.455699738558233	-0.5216473302583375	C:\Users\laurel\dev\ff\scripts\data\report\airsim\Building_07_A_airsim\optimized_2D_ComputerVision\pose_32.png
33	-61.535900000000005	15.456699999999998	-25.3996	0.8566520191048206	0.07336539230182473	-0.49458832113490536	0.12707230453406285	C:\Users\laurel\dev\ff\scripts\data\report\airsim\Building_07_A_airsim\optimized_2D_ComputerVision\pose_33.png
34	-56.4029	-7.459700000000005	-50.1733	-0.5647205381245474	0.42554760543212766	0.4255476031384682	0.5647205378021949	C:\Users\laurel\dev\ff\scripts\data\report\airsim\Building_07_A_airsim\optimized_2D_ComputerVision\pose_34.png
35	-65.54423	-7.165200000000006	-35.5754	0.9707914590093908	0.025450629216834546	-0.20634803039219982	0.1197355758856885	C:\Users\laurel\dev\ff\scripts\data\report\airsim\Building_07_A_airsim\optimized_2D_ComputerVision\pose_35.png
36	-69.94326000000001	-1.9432000000000045	-10.07656	0.9948611438089725	0.005131603748317496	-0.06956762080632609	0.07338512250004015	C:\Users\laurel\dev\ff\scripts\data\report\airsim\Building_07_A_airsim\optimized_2D_ComputerVision\pose_36.png
37	-52.529500000000006	-10.3885	-48.8502	-0.5647205381245474	0.42554760543212766	0.4255476031384682	0.5647205378021949	C:\Users\laurel\dev\ff\scripts\data\report\airsim\Building_07_A_airsim\optimized_2D_ComputerVision\pose_37.png
38	-54.03810000000001	6.415199999999999	-48.8497	0.8457501733777326	0.03898311963938819	-0.5284835645547594	0.06238611150855448	C:\Users\laurel\dev\ff\scripts\data\report\airsim\Building_07_A_airsim\optimized_2D_ComputerVision\pose_38.png
39	-45.680800000000005	-24.811700000000002	-41.614	0.6030858241364261	0.35112200963310936	-0.33429584840139964	0.6334405841681734	C:\Users\laurel\dev\ff\scripts\data\report\airsim\Building_07_A_airsim\optimized_2D_ComputerVision\pose_39.png
40	-55.97580000000001	22.648199999999996	-38.792	0.78999153389175	0.08830457750700176	-0.5953011977993258	0.11718413507291753	C:\Users\laurel\dev\ff\scripts\data\report\airsim\Building_07_A_airsim\optimized_2D_ComputerVision\pose_40.png
41	-23.777500000000003	-25.390600000000006	-44.4379	0.5084085685016001	0.38383293230444443	-0.27032557954270364	0.7218844761330254	C:\Users\laurel\dev\ff\scripts\data\report\airsim\Building_07_A_airsim\optimized_2D_ComputerVision\pose_41.png
