TimeStamp	POS_X	POS_Y	POS_Z	Q_W	Q_X	Q_Y	Q_Z	ImageFile
0	-21.028427124023438	57.84767532348633	-4.164540767669678	-0.4928982698380015	2.9593949344650563e-08	-7.090105182176726e-09	0.8700871290428317	C:\Users\laurel\dev\ff\scripts\data\report\airsim\Building_07_A_airsim\optimized_2D\pose_00.png
1	-25.99382972717285	65.03119659423828	-8.4718017578125	-0.634296703227927	0.013490600323631564	0.011071536700470746	0.7728929185379076	C:\Users\laurel\dev\ff\scripts\data\report\airsim\Building_07_A_airsim\optimized_2D\pose_01.png
2	-50.45354461669922	43.38297653198242	-19.38813018798828	0.7594475437257939	-0.1939408007703152	-0.26149877973358054	-0.563244811403208	C:\Users\laurel\dev\ff\scripts\data\report\airsim\Building_07_A_airsim\optimized_2D\pose_02.png
3	-54.95578384399414	62.14090347290039	-21.120988845825195	0.8293311852221604	-0.10208247734592016	-0.16120574198822152	-0.5251682354238554	C:\Users\laurel\dev\ff\scripts\data\report\airsim\Building_07_A_airsim\optimized_2D\pose_03.png
4	-56.57655334472656	54.17085266113281	-20.256074905395508	0.7966299761472491	-0.129528795447275	-0.18391679165121605	-0.5610502674107375	C:\Users\laurel\dev\ff\scripts\data\report\airsim\Building_07_A_airsim\optimized_2D\pose_04.png
5	-45.81828689575195	59.48324966430664	-17.315149307250977	-0.7002253430814822	0.09841004280787523	0.0984100563884356	0.7002253533151738	C:\Users\laurel\dev\ff\scripts\data\report\airsim\Building_07_A_airsim\optimized_2D\pose_05.png
6	-57.786293029785156	52.01801681518555	-8.124656677246094	0.8575978819986512	-0.008972331155469783	-0.014969658410150766	-0.5140243070833854	C:\Users\laurel\dev\ff\scripts\data\report\airsim\Building_07_A_airsim\optimized_2D\pose_06.png
7	-91.819091796875	16.61561393737793	-20.835323333740234	0.9854123937716961	-0.012788406282629686	-0.08621230891349979	-0.14617232327182003	C:\Users\laurel\dev\ff\scripts\data\report\airsim\Building_07_A_airsim\optimized_2D\pose_07.png
8	-66.10995483398438	10.15251636505127	-7.134459018707275	0.9757020559066076	2.009315526988625e-09	-3.1161075424240665e-08	-0.21910124102720202	C:\Users\laurel\dev\ff\scripts\data\report\airsim\Building_07_A_airsim\optimized_2D\pose_08.png
9	-41.128963470458984	24.52857208251953	-40.52843475341797	-0.6408562919072313	0.2988364935592677	0.29883651933117694	0.6408562378575011	C:\Users\laurel\dev\ff\scripts\data\report\airsim\Building_07_A_airsim\optimized_2D\pose_09.png
10	-38.27484893798828	23.690685272216797	-40.34603500366211	-0.6408562919072313	0.2988364935592677	0.29883651933117694	0.6408562378575011	C:\Users\laurel\dev\ff\scripts\data\report\airsim\Building_07_A_airsim\optimized_2D\pose_10.png
11	-32.96484375	18.65361976623535	-37.73133087158203	-0.6184494794142801	0.3428122425036692	0.34281221597946726	0.6184494098019173	C:\Users\laurel\dev\ff\scripts\data\report\airsim\Building_07_A_airsim\optimized_2D\pose_11.png
12	-29.801794052124023	21.80908966064453	-37.44818878173828	-0.5919753391698506	0.320010441660441	0.27604276525409044	0.686264144805294	C:\Users\laurel\dev\ff\scripts\data\report\airsim\Building_07_A_airsim\optimized_2D\pose_12.png
13	-34.03107452392578	18.587114334106445	-36.11647033691406	-0.6184494794142801	0.3428122425036692	0.34281221597946726	0.6184494098019173	C:\Users\laurel\dev\ff\scripts\data\report\airsim\Building_07_A_airsim\optimized_2D\pose_13.png
14	-27.13738441467285	22.4609317779541	-39.068603515625	-0.5919753391698506	0.320010441660441	0.27604276525409044	0.686264144805294	C:\Users\laurel\dev\ff\scripts\data\report\airsim\Building_07_A_airsim\optimized_2D\pose_14.png
15	-33.502079010009766	11.525362014770508	-42.764549255371094	-0.019072092780180603	0.6291308198311927	0.015444291651110074	0.7769118522910557	C:\Users\laurel\dev\ff\scripts\data\report\airsim\Building_07_A_airsim\optimized_2D\pose_15.png
16	-34.37247848510742	13.668868064880371	-50.155189514160156	-0.5647205381245474	0.42554760543212766	0.4255476031384682	0.5647205378021949	C:\Users\laurel\dev\ff\scripts\data\report\airsim\Building_07_A_airsim\optimized_2D\pose_16.png
17	-46.31827926635742	21.281139373779297	-47.1069221496582	-0.6184494794142801	0.3428122425036692	0.34281221597946726	0.6184494098019173	C:\Users\laurel\dev\ff\scripts\data\report\airsim\Building_07_A_airsim\optimized_2D\pose_17.png
18	-41.6213264465332	20.28742790222168	-43.609214782714844	-0.6184494794142801	0.3428122425036692	0.34281221597946726	0.6184494098019173	C:\Users\laurel\dev\ff\scripts\data\report\airsim\Building_07_A_airsim\optimized_2D\pose_18.png
19	-51.682743072509766	18.69618034362793	-38.00738525390625	-0.49301632347207014	0.48647123850290835	0.3992365046527216	0.6007419433850266	C:\Users\laurel\dev\ff\scripts\data\report\airsim\Building_07_A_airsim\optimized_2D\pose_19.png
20	-54.81813430786133	11.507028579711914	-37.547584533691406	0.7311458827221874	0.2636016910066832	-0.4931641426413474	0.3908056522657918	C:\Users\laurel\dev\ff\scripts\data\report\airsim\Building_07_A_airsim\optimized_2D\pose_20.png
21	-77.6692886352539	8.048620223999023	-5.731990337371826	0.9996987047387486	-3.139716617905332e-09	-2.19200635792012e-08	-0.024541296800684256	C:\Users\laurel\dev\ff\scripts\data\report\airsim\Building_07_A_airsim\optimized_2D\pose_21.png
22	-41.50099182128906	9.988940238952637	-46.58449935913086	-0.5647205381245474	0.42554760543212766	0.4255476031384682	0.5647205378021949	C:\Users\laurel\dev\ff\scripts\data\report\airsim\Building_07_A_airsim\optimized_2D\pose_22.png
23	-40.099327087402344	10.386746406555176	-45.57120132446289	-0.39953280413667175	0.5397862190328981	0.32353507120062147	0.6665804635818889	C:\Users\laurel\dev\ff\scripts\data\report\airsim\Building_07_A_airsim\optimized_2D\pose_23.png
24	-40.5628776550293	23.021808624267578	-42.83342361450195	-0.6184494794142801	0.3428122425036692	0.34281221597946726	0.6184494098019173	C:\Users\laurel\dev\ff\scripts\data\report\airsim\Building_07_A_airsim\optimized_2D\pose_24.png
25	-34.369144439697266	11.29585075378418	-40.5998649597168	0.5216472801360117	0.45569961624466865	-0.39308959720540265	0.6047337559878623	C:\Users\laurel\dev\ff\scripts\data\report\airsim\Building_07_A_airsim\optimized_2D\pose_25.png
26	-24.483972549438477	2.581693649291992	-51.15467834472656	-0.5647205381245474	0.42554760543212766	0.4255476031384682	0.5647205378021949	C:\Users\laurel\dev\ff\scripts\data\report\airsim\Building_07_A_airsim\optimized_2D\pose_26.png
27	-10.639229774475098	12.670507431030273	-6.810122966766357	-0.31368161861988253	4.460796752709452e-08	-1.2592262500602112e-08	0.949528287174458	C:\Users\laurel\dev\ff\scripts\data\report\airsim\Building_07_A_airsim\optimized_2D\pose_27.png
28	-20.270755767822266	-2.2281417846679688	-4.052715301513672	0.0735648285652454	2.8388397674369562e-08	-3.4055218249153623e-09	0.9972905857514378	C:\Users\laurel\dev\ff\scripts\data\report\airsim\Building_07_A_airsim\optimized_2D\pose_28.png
29	-20.23011589050293	-2.1805450916290283	-48.502479553222656	1.0	0.0	0.0	0.0	C:\Users\laurel\dev\ff\scripts\data\report\airsim\Building_07_A_airsim\optimized_2D\pose_29.png
30	-46.11085891723633	10.170347213745117	-48.57233810424805	-0.5647205381245474	0.42554760543212766	0.4255476031384682	0.5647205378021949	C:\Users\laurel\dev\ff\scripts\data\report\airsim\Building_07_A_airsim\optimized_2D\pose_30.png
31	-45.68854904174805	20.535722732543945	-37.77891159057617	-0.6184494794142801	0.3428122425036692	0.34281221597946726	0.6184494098019173	C:\Users\laurel\dev\ff\scripts\data\report\airsim\Building_07_A_airsim\optimized_2D\pose_31.png
32	-55.767147064208984	23.545623779296875	-38.78860855102539	0.6047336726778094	-0.39308952480914044	-0.455699738558233	-0.5216473302583375	C:\Users\laurel\dev\ff\scripts\data\report\airsim\Building_07_A_airsim\optimized_2D\pose_32.png
33	-61.65633773803711	15.25255298614502	-25.56348419189453	0.8566520191048206	0.07336539230182473	-0.49458832113490536	0.12707230453406285	C:\Users\laurel\dev\ff\scripts\data\report\airsim\Building_07_A_airsim\optimized_2D\pose_33.png
34	-56.34393310546875	-7.707825660705566	-49.975730895996094	-0.5647205381245474	0.42554760543212766	0.4255476031384682	0.5647205378021949	C:\Users\laurel\dev\ff\scripts\data\report\airsim\Building_07_A_airsim\optimized_2D\pose_34.png
35	-65.79222106933594	-7.13681697845459	-35.720726013183594	0.9707914590093908	0.025450629216834546	-0.20634803039219982	0.1197355758856885	C:\Users\laurel\dev\ff\scripts\data\report\airsim\Building_07_A_airsim\optimized_2D\pose_35.png
36	-70.12596130371094	-1.7147589921951294	-10.151226043701172	0.9948611438089725	0.005131603748317496	-0.06956762080632609	0.07338512250004015	C:\Users\laurel\dev\ff\scripts\data\report\airsim\Building_07_A_airsim\optimized_2D\pose_36.png
37	-52.25825500488281	-10.522940635681152	-48.706268310546875	-0.5647205381245474	0.42554760543212766	0.4255476031384682	0.5647205378021949	C:\Users\laurel\dev\ff\scripts\data\report\airsim\Building_07_A_airsim\optimized_2D\pose_37.png
38	-54.0301513671875	6.419793128967285	-48.84267044067383	0.8457501733777326	0.03898311963938819	-0.5284835645547594	0.06238611150855448	C:\Users\laurel\dev\ff\scripts\data\report\airsim\Building_07_A_airsim\optimized_2D\pose_38.png
39	-45.768192291259766	-24.895238876342773	-41.70170211791992	0.6030858241364261	0.35112200963310936	-0.33429584840139964	0.6334405841681734	C:\Users\laurel\dev\ff\scripts\data\report\airsim\Building_07_A_airsim\optimized_2D\pose_39.png
40	-55.9984016418457	22.63994789123535	-38.82518005371094	0.78999153389175	0.08830457750700176	-0.5953011977993258	0.11718413507291753	C:\Users\laurel\dev\ff\scripts\data\report\airsim\Building_07_A_airsim\optimized_2D\pose_40.png
41	-23.74217414855957	-25.425195693969727	-44.4018440246582	0.5084085685016001	0.38383293230444443	-0.27032557954270364	0.7218844761330254	C:\Users\laurel\dev\ff\scripts\data\report\airsim\Building_07_A_airsim\optimized_2D\pose_41.png
